1;28/10/2022 11:00:00;1;0;1;0;0;0;0;0;0;0
1;28/10/2022 13:00:00;1;1;1;0;0;0;0;0;0;0
1;28/10/2022 15:00:00;0;1;1;0;0;0;0;0;0;0
1;28/10/2022 17:00:00;0;0;0;0;0;0;0;0;0;0
2;28/10/2022 11:00:00;0;0;0;0;0;0;0;0;0;0
2;28/10/2022 13:00:00;1;1;0;0;0;0;0;0;0;0
2;28/10/2022 15:00:00;0;0;0;0;0;0;0;0;0;0
2;28/10/2022 17:00:00;0;0;0;0;0;0;0;0;0;0
3;28/10/2022 11:00:00;0;0;0;0;0;0;0;0;0;0
3;28/10/2022 13:00:00;1;0;1;0;0;0;0;0;0;0
3;28/10/2022 15:00:00;0;0;0;0;0;0;0;0;0;0
3;28/10/2022 17:00:00;0;0;0;0;0;0;0;0;0;0
4;28/10/2022 11:00:00;0;0;0;0;0;0;0;0;0;0
4;28/10/2022 13:00:00;0;0;0;0;0;0;0;0;0;0
4;28/10/2022 15:00:00;0;0;0;0;0;0;0;0;0;0
4;28/10/2022 17:00:00;0;0;0;0;0;0;0;0;0;0
5;28/10/2022 11:00:00;0;0;0;0;0;0;0;0;0;0
5;28/10/2022 13:00:00;0;0;0;0;0;0;0;0;0;0
5;28/10/2022 15:00:00;0;0;0;0;0;0;0;0;0;0
5;28/10/2022 17:00:00;0;0;0;0;0;0;0;0;0;0
6;28/10/2022 11:00:00;0;0;0;0;0;0;0;0;0;0
6;28/10/2022 13:00:00;0;0;0;0;0;0;0;0;0;0
6;28/10/2022 15:00:00;0;0;0;0;0;0;0;0;0;0
6;28/10/2022 17:00:00;1;1;1;0;0;0;0;0;0;0
